2627 514 1760 3691 2382 2285 3118 698 4681 4681 4681 4681 4681 4681 4681 4681 4681 4681 4681 4681 4681 4681 4681 4681 4681 4681 4681 4681 4681 4681 4681 4681 4681 4681 4681 4681 4681
2285 2205 2187 2285 454 78 2254 938 3758 2182 2627 4426 4681 4681 4681 4681 4681 4681 4681 4681 4681 4681 4681 4681 4681 4681 4681 4681 4681 4681 4681 4681 4681 4681 4681 4681 4681
2627 2460 3636 1057 2627 3008 2254 2627 1403 1095 746 4681 4681 4681 4681 4681 4681 4681 4681 4681 4681 4681 4681 4681 4681 4681 4681 4681 4681 4681 4681 4681 4681 4681 4681 4681 4681
2627 2394 3026 2187 2627 3857 3437 746 4681 4681 4681 4681 4681 4681 4681 4681 4681 4681 4681 4681 4681 4681 4681 4681 4681 4681 4681 4681 4681 4681 4681 4681 4681 4681 4681 4681 4681
2627 4257 1692 4257 4043 3377 2182 860 4258 1692 3522 2664 746 4681 4681 4681 4681 4681 4681 4681 4681 4681 4681 4681 4681 4681 4681 4681 4681 4681 4681 4681 4681 4681 4681 4681 4681
860 1433 797 3667 783 2627 1271 3437 783 2627 4257 746 4681 4681 4681 4681 4681 4681 4681 4681 4681 4681 4681 4681 4681 4681 4681 4681 4681 4681 4681 4681 4681 4681 4681 4681 4681
2627 868 2187 2627 1185 3827 746 4681 4681 4681 4681 4681 4681 4681 4681 4681 4681 4681 4681 4681 4681 4681 4681 4681 4681 4681 4681 4681 4681 4681 4681 4681 4681 4681 4681 4681 4681
2627 2413 2569 4345 2182 860 1988 2187 2627 28 746 4681 4681 4681 4681 4681 4681 4681 4681 4681 4681 4681 4681 4681 4681 4681 4681 4681 4681 4681 4681 4681 4681 4681 4681 4681 4681
2285 1453 1433 2393 2182 2627 337 4426 746 4681 4681 4681 4681 4681 4681 4681 4681 4681 4681 4681 4681 4681 4681 4681 4681 4681 4681 4681 4681 4681 4681 4681 4681 4681 4681 4681 4681
2627 2413 497 184 1260 2254 82 268 2028 4681 4681 4681 4681 4681 4681 4681 4681 4681 4681 4681 4681 4681 4681 4681 4681 4681 4681 4681 4681 4681 4681 4681 4681 4681 4681 4681 4681
2627 4183 2187 2627 3426 2187 3070 3780 746 4681 4681 4681 4681 4681 4681 4681 4681 4681 4681 4681 4681 4681 4681 4681 4681 4681 4681 4681 4681 4681 4681 4681 4681 4681 4681 4681 4681
2627 2618 3658 2522 2840 4298 2182 860 1909 2759 4681 4681 4681 4681 4681 4681 4681 4681 4681 4681 4681 4681 4681 4681 4681 4681 4681 4681 4681 4681 4681 4681 4681 4681 4681 4681 4681
860 281 2187 2627 3925 1449 301 1692 2587 1020 2182 799 746 4681 4681 4681 4681 4681 4681 4681 4681 4681 4681 4681 4681 4681 4681 4681 4681 4681 4681 4681 4681 4681 4681 4681 4681
2627 1433 2393 2182 2627 3827 805 2627 4420 1692 938 4149 4681 4681 4681 4681 4681 4681 4681 4681 4681 4681 4681 4681 4681 4681 4681 4681 4681 4681 4681 4681 4681 4681 4681 4681 4681
2627 1481 2187 105 1350 1004 2627 2632 78 746 4681 4681 4681 4681 4681 4681 4681 4681 4681 4681 4681 4681 4681 4681 4681 4681 4681 4681 4681 4681 4681 4681 4681 4681 4681 4681 4681
1433 1102 2627 430 3151 3681 805 860 2412 556 1111 2383 2254 2627 1862 2379 746 4681 4681 4681 4681 4681 4681 4681 4681 4681 4681 4681 4681 4681 4681 4681 4681 4681 4681 4681 4681
2285 2587 1254 805 2627 698 746 4681 4681 4681 4681 4681 4681 4681 4681 4681 4681 4681 4681 4681 4681 4681 4681 4681 4681 4681 4681 4681 4681 4681 4681 4681 4681 4681 4681 4681 4681
2627 2413 2587 797 4510 805 4632 746 4681 4681 4681 4681 4681 4681 4681 4681 4681 4681 4681 4681 4681 4681 4681 4681 4681 4681 4681 4681 4681 4681 4681 4681 4681 4681 4681 4681 4681
2758 3512 2182 860 2198 805 2627 1634 4423 746 4681 4681 4681 4681 4681 4681 4681 4681 4681 4681 4681 4681 4681 4681 4681 4681 4681 4681 4681 4681 4681 4681 4681 4681 4681 4681 4681
2285 936 2671 2926 1692 4614 2187 2627 4266 746 4681 4681 4681 4681 4681 4681 4681 4681 4681 4681 4681 4681 4681 4681 4681 4681 4681 4681 4681 4681 4681 4681 4681 4681 4681 4681 4681
2627 514 4230 2182 2627 4266 2254 2373 2182 860 986 1763 746 4681 4681 4681 4681 4681 4681 4681 4681 4681 4681 4681 4681 4681 4681 4681 4681 4681 4681 4681 4681 4681 4681 4681 4681
2627 698 2520 337 2302 3691 2382 2285 3598 2537 746 4681 4681 4681 4681 4681 4681 4681 4681 4681 4681 4681 4681 4681 4681 4681 4681 4681 4681 4681 4681 4681 4681 4681 4681 4681 4681
2627 882 184 2254 2627 4110 1692 4055 746 4681 4681 4681 4681 4681 4681 4681 4681 4681 4681 4681 4681 4681 4681 4681 4681 4681 4681 4681 4681 4681 4681 4681 4681 4681 4681 4681 4681
831 2571 452 1350 3721 1575 2086 2627 2840 746 4681 4681 4681 4681 4681 4681 4681 4681 4681 4681 4681 4681 4681 4681 4681 4681 4681 4681 4681 4681 4681 4681 4681 4681 4681 4681 4681
2627 738 2254 860 4160 3261 1662 1319 4423 4228 746 4681 4681 4681 4681 4681 4681 4681 4681 4681 4681 4681 4681 4681 4681 4681 4681 4681 4681 4681 4681 4681 4681 4681 4681 4681 4681
2627 1110 2187 2627 698 1101 805 3720 417 2627 2926 746 4681 4681 4681 4681 4681 4681 4681 4681 4681 4681 4681 4681 4681 4681 4681 4681 4681 4681 4681 4681 4681 4681 4681 4681 4681
2627 514 603 2627 2300 2182 860 3309 2187 860 4258 4681 4681 4681 4681 4681 4681 4681 4681 4681 4681 4681 4681 4681 4681 4681 4681 4681 4681 4681 4681 4681 4681 4681 4681 4681 4681
2285 2587 797 2053 2112 3907 860 2488 2290 2627 3619 746 4681 4681 4681 4681 4681 4681 4681 4681 4681 4681 4681 4681 4681 4681 4681 4681 4681 4681 4681 4681 4681 4681 4681 4681 4681
914 938 2393 2182 2627 1423 4612 746 4681 4681 4681 4681 4681 4681 4681 4681 4681 4681 4681 4681 4681 4681 4681 4681 4681 4681 4681 4681 4681 4681 4681 4681 4681 4681 4681 4681 4681
2627 3026 3437 38 2182 860 2223 746 4681 4681 4681 4681 4681 4681 4681 4681 4681 4681 4681 4681 4681 4681 4681 4681 4681 4681 4681 4681 4681 4681 4681 4681 4681 4681 4681 4681 4681
2522 452 11 3907 2187 3899 746 4681 4681 4681 4681 4681 4681 4681 4681 4681 4681 4681 4681 4681 4681 4681 4681 4681 4681 4681 4681 4681 4681 4681 4681 4681 4681 4681 4681 4681 4681
744 2997 4117 3691 2382 342 4646 805 1634 78 746 4681 4681 4681 4681 4681 4681 4681 4681 4681 4681 4681 4681 4681 4681 4681 4681 4681 4681 4681 4681 4681 4681 4681 4681 4681 4681
2285 4449 2187 2801 3022 4117 746 4681 4681 4681 4681 4681 4681 4681 4681 4681 4681 4681 4681 4681 4681 4681 4681 4681 4681 4681 4681 4681 4681 4681 4681 4681 4681 4681 4681 4681 4681
2627 2418 738 2254 2627 2072 882 4266 805 2627 1549 4258 746 4681 4681 4681 4681 4681 4681 4681 4681 4681 4681 4681 4681 4681 4681 4681 4681 4681 4681 4681 4681 4681 4681 4681 4681
2285 175 4587 1433 1051 951 2977 2141 2382 4595 2254 2627 1389 3064 3659 746 4681 4681 4681 4681 4681 4681 4681 4681 4681 4681 4681 4681 4681 4681 4681 4681 4681 4681 4681 4681 4681
2627 514 2393 2182 2627 4426 3361 860 1271 746 4681 4681 4681 4681 4681 4681 4681 4681 4681 4681 4681 4681 4681 4681 4681 4681 4681 4681 4681 4681 4681 4681 4681 4681 4681 4681 4681
2522 938 3758 2182 860 1095 2434 2627 3860 2187 768 746 4681 4681 4681 4681 4681 4681 4681 4681 4681 4681 4681 4681 4681 4681 4681 4681 4681 4681 4681 4681 4681 4681 4681 4681 4681
4257 301 707 2627 265 4257 1692 451 746 4681 4681 4681 4681 4681 4681 4681 4681 4681 4681 4681 4681 4681 4681 4681 4681 4681 4681 4681 4681 4681 4681 4681 4681 4681 4681 4681 4681
2627 1433 2182 2627 28 805 2627 2957 746 4681 4681 4681 4681 4681 4681 4681 4681 4681 4681 4681 4681 4681 4681 4681 4681 4681 4681 4681 4681 4681 4681 4681 4681 4681 4681 4681 4681
2226 3022 1882 3899 353 2254 3839 1692 1622 82 301 1636 4681 4681 4681 4681 4681 4681 4681 4681 4681 4681 4681 4681 4681 4681 4681 4681 4681 4681 4681 4681 4681 4681 4681 4681 4681
2627 1433 797 1350 2627 3827 2182 2627 78 746 4681 4681 4681 4681 4681 4681 4681 4681 4681 4681 4681 4681 4681 4681 4681 4681 4681 4681 4681 4681 4681 4681 4681 4681 4681 4681 4681
2627 2418 2587 2622 3907 2187 2627 358 301 956 746 4681 4681 4681 4681 4681 4681 4681 4681 4681 4681 4681 4681 4681 4681 4681 4681 4681 4681 4681 4681 4681 4681 4681 4681 4681 4681
2285 4348 2587 1020 2662 860 781 746 4681 4681 4681 4681 4681 4681 4681 4681 4681 4681 4681 4681 4681 4681 4681 4681 4681 4681 4681 4681 4681 4681 4681 4681 4681 4681 4681 4681 4681
612 3801 286 797 3221 2254 860 4257 746 4681 4681 4681 4681 4681 4681 4681 4681 4681 4681 4681 4681 4681 4681 4681 4681 4681 4681 4681 4681 4681 4681 4681 4681 4681 4681 4681 4681
2627 3827 4117 3691 2382 2285 1271 612 4206 746 4681 4681 4681 4681 4681 4681 4681 4681 4681 4681 4681 4681 4681 4681 4681 4681 4681 4681 4681 4681 4681 4681 4681 4681 4681 4681 4681
2627 1433 1692 1110 2187 2285 2587 2182 2627 1449 746 4681 4681 4681 4681 4681 4681 4681 4681 4681 4681 4681 4681 4681 4681 4681 4681 4681 4681 4681 4681 4681 4681 4681 4681 4681 4681
3720 797 1652 2187 3443 1561 3907 2182 860 1271 746 4681 4681 4681 4681 4681 4681 4681 4681 4681 4681 4681 4681 4681 4681 4681 4681 4681 4681 4681 4681 4681 4681 4681 4681 4681 4681
860 2587 4237 4382 3685 3854 2254 938 2837 799 746 4681 4681 4681 4681 4681 4681 4681 4681 4681 4681 4681 4681 4681 4681 4681 4681 4681 4681 4681 4681 4681 4681 4681 4681 4681 4681
860 3457 3839 2129 4345 2182 2627 4446 746 4681 4681 4681 4681 4681 4681 4681 4681 4681 4681 4681 4681 4681 4681 4681 4681 4681 4681 4681 4681 4681 4681 4681 4681 4681 4681 4681 4681
2285 1047 1433 3681 805 2627 2413 4165 174 746 4681 4681 4681 4681 4681 4681 4681 4681 4681 4681 4681 4681 4681 4681 4681 4681 4681 4681 4681 4681 4681 4681 4681 4681 4681 4681 4681
2627 1464 2254 3801 1488 805 860 344 2187 799 746 4681 4681 4681 4681 4681 4681 4681 4681 4681 4681 4681 4681 4681 4681 4681 4681 4681 4681 4681 4681 4681 4681 4681 4681 4681 4681
2627 1433 797 1102 2627 348 2182 860 344 746 4681 4681 4681 4681 4681 4681 4681 4681 4681 4681 4681 4681 4681 4681 4681 4681 4681 4681 4681 4681 4681 4681 4681 4681 4681 4681 4681
831 4464 1554 2254 1482 550 279 2053 3141 92 2669 344 746 4681 4681 4681 4681 4681 4681 4681 4681 4681 4681 4681 4681 4681 4681 4681 4681 4681 4681 4681 4681 4681 4681 4681 4681
2627 324 3681 805 2627 28 4420 746 4681 4681 4681 4681 4681 4681 4681 4681 4681 4681 4681 4681 4681 4681 4681 4681 4681 4681 4681 4681 4681 4681 4681 4681 4681 4681 4681 4681 4681
2627 1433 2182 2627 3827 2254 2627 1433 2290 2627 4612 746 4681 4681 4681 4681 4681 4681 4681 4681 4681 4681 4681 4681 4681 4681 4681 4681 4681 4681 4681 4681 4681 4681 4681 4681 4681
2932 301 2522 69 4581 797 1550 2837 746 4681 4681 4681 4681 4681 4681 4681 4681 4681 4681 4681 4681 4681 4681 4681 4681 4681 4681 4681 4681 4681 4681 4681 4681 4681 4681 4681 4681
2627 738 2254 2627 4257 301 4026 301 301 1652 4257 805 799 301 2627 2109 3587 746 4681 4681 4681 4681 4681 4681 4681 4681 4681 4681 4681 4681 4681 4681 4681 4681 4681 4681 4681
2627 1481 2187 3449 3681 2182 2627 1038 4426 746 4681 4681 4681 4681 4681 4681 4681 4681 4681 4681 4681 4681 4681 4681 4681 4681 4681 4681 4681 4681 4681 4681 4681 4681 4681 4681 4681
3720 2254 2627 1481 2187 105 1692 2627 1641 2158 4681 4681 4681 4681 4681 4681 4681 4681 4681 4681 4681 4681 4681 4681 4681 4681 4681 4681 4681 4681 4681 4681 4681 4681 4681 4681 4681
860 514 805 2627 1359 2254 2627 3925 2382 2731 746 4681 4681 4681 4681 4681 4681 4681 4681 4681 4681 4681 4681 4681 4681 4681 4681 4681 4681 4681 4681 4681 4681 4681 4681 4681 4681
2627 698 2254 2627 3895 2187 2509 1692 4570 746 4681 4681 4681 4681 4681 4681 4681 4681 4681 4681 4681 4681 4681 4681 4681 4681 4681 4681 4681 4681 4681 4681 4681 4681 4681 4681 4681
2285 2924 3619 2182 860 3832 1095 746 4681 4681 4681 4681 4681 4681 4681 4681 4681 4681 4681 4681 4681 4681 4681 4681 4681 4681 4681 4681 4681 4681 4681 4681 4681 4681 4681 4681 4681
2627 2667 1652 476 3691 2382 2627 476 2182 2627 1221 746 4681 4681 4681 4681 4681 4681 4681 4681 4681 4681 4681 4681 4681 4681 4681 4681 4681 4681 4681 4681 4681 4681 4681 4681 4681
2627 738 2254 2627 3925 1833 1692 1389 3539 746 4681 4681 4681 4681 4681 4681 4681 4681 4681 4681 4681 4681 4681 4681 4681 4681 4681 4681 4681 4681 4681 4681 4681 4681 4681 4681 4681
2627 2418 2618 4117 805 2627 1634 78 746 4681 4681 4681 4681 4681 4681 4681 4681 4681 4681 4681 4681 4681 4681 4681 4681 4681 4681 4681 4681 4681 4681 4681 4681 4681 4681 4681 4681
2285 2205 2187 2627 738 2254 2522 1641 123 799 746 4681 4681 4681 4681 4681 4681 4681 4681 4681 4681 4681 4681 4681 4681 4681 4681 4681 4681 4681 4681 4681 4681 4681 4681 4681 4681
2627 1481 2187 105 2182 4504 3022 2968 2254 2627 525 4681 4681 4681 4681 4681 4681 4681 4681 4681 4681 4681 4681 4681 4681 4681 4681 4681 4681 4681 4681 4681 4681 4681 4681 4681 4681
2285 2587 1059 2382 2627 3738 2182 860 4258 746 4681 4681 4681 4681 4681 4681 4681 4681 4681 4681 4681 4681 4681 4681 4681 4681 4681 4681 4681 4681 4681 4681 4681 4681 4681 4681 4681
2627 28 3169 3437 3691 2382 2627 1603 746 4681 4681 4681 4681 4681 4681 4681 4681 4681 4681 4681 4681 4681 4681 4681 4681 4681 4681 4681 4681 4681 4681 4681 4681 4681 4681 4681 4681
4183 2187 2627 184 2254 1155 2182 860 480 301 3587 746 4681 4681 4681 4681 4681 4681 4681 4681 4681 4681 4681 4681 4681 4681 4681 4681 4681 4681 4681 4681 4681 4681 4681 4681 4681
2627 53 2254 3544 4004 1847 2182 860 839 746 4681 4681 4681 4681 4681 4681 4681 4681 4681 4681 4681 4681 4681 4681 4681 4681 4681 4681 4681 4681 4681 4681 4681 4681 4681 4681 4681
2522 105 3022 2744 783 1622 4681 4681 4681 4681 4681 4681 4681 4681 4681 4681 4681 4681 4681 4681 4681 4681 4681 4681 4681 4681 4681 4681 4681 4681 4681 4681 4681 4681 4681 4681 4681
2285 936 2632 3518 1025 2627 2002 746 4681 4681 4681 4681 4681 4681 4681 4681 4681 4681 4681 4681 4681 4681 4681 4681 4681 4681 4681 4681 4681 4681 4681 4681 4681 4681 4681 4681 4681
744 938 3022 2871 1004 2627 2413 2198 783 2285 2488 746 4681 4681 4681 4681 4681 4681 4681 4681 4681 4681 4681 4681 4681 4681 4681 4681 4681 4681 4681 4681 4681 4681 4681 4681 4681
860 2448 1433 2667 797 1561 2290 2977 2997 746 4681 4681 4681 4681 4681 4681 4681 4681 4681 4681 4681 4681 4681 4681 4681 4681 4681 4681 4681 4681 4681 4681 4681 4681 4681 4681 4681
2627 698 2254 2627 1223 1672 301 3636 301 1692 480 480 746 4681 4681 4681 4681 4681 4681 4681 4681 4681 4681 4681 4681 4681 4681 4681 4681 4681 4681 4681 4681 4681 4681 4681 4681
2627 1433 1986 805 860 1634 4426 1692 2627 2594 476 746 4681 4681 4681 4681 4681 4681 4681 4681 4681 4681 4681 4681 4681 4681 4681 4681 4681 4681 4681 4681 4681 4681 4681 4681 4681
2627 1433 2393 2182 2627 4426 805 2627 698 4681 4681 4681 4681 4681 4681 4681 4681 4681 4681 4681 4681 4681 4681 4681 4681 4681 4681 4681 4681 4681 4681 4681 4681 4681 4681 4681 4681
2285 3062 797 1020 2662 2627 4193 4681 4681 4681 4681 4681 4681 4681 4681 4681 4681 4681 4681 4681 4681 4681 4681 4681 4681 4681 4681 4681 4681 4681 4681 4681 4681 4681 4681 4681 4681
2285 3218 1433 2517 2627 1110 2187 2285 2205 2187 2627 2418 4581 746 4681 4681 4681 4681 4681 4681 4681 4681 4681 4681 4681 4681 4681 4681 4681 4681 4681 4681 4681 4681 4681 4681 4681
2627 738 894 2627 4193 2182 860 1095 301 3636 1692 3802 746 4681 4681 4681 4681 4681 4681 4681 4681 4681 4681 4681 4681 4681 4681 4681 4681 4681 4681 4681 4681 4681 4681 4681 4681
3720 797 2285 1923 1042 2290 860 2414 4681 4681 4681 4681 4681 4681 4681 4681 4681 4681 4681 4681 4681 4681 4681 4681 4681 4681 4681 4681 4681 4681 4681 4681 4681 4681 4681 4681 4681
2627 1481 1692 1652 1362 3681 805 860 1988 2187 2627 586 78 746 4681 4681 4681 4681 4681 4681 4681 4681 4681 4681 4681 4681 4681 4681 4681 4681 4681 4681 4681 4681 4681 4681 4681
2627 2459 337 4426 805 2627 4334 265 1634 78 2290 930 746 4681 4681 4681 4681 4681 4681 4681 4681 4681 4681 4681 4681 4681 4681 4681 4681 4681 4681 4681 4681 4681 4681 4681 4681
2627 738 301 1317 805 2627 1675 301 1692 329 429 1995 2837 799 746 4681 4681 4681 4681 4681 4681 4681 4681 4681 4681 4681 4681 4681 4681 4681 4681 4681 4681 4681 4681 4681 4681
2285 1630 738 797 3568 3907 2187 799 1111 4094 4681 4681 4681 4681 4681 4681 4681 4681 4681 4681 4681 4681 4681 4681 4681 4681 4681 4681 4681 4681 4681 4681 4681 4681 4681 4681 4681
3331 1433 301 2522 3512 301 2627 3925 1449 746 4681 4681 4681 4681 4681 4681 4681 4681 4681 4681 4681 4681 4681 4681 4681 4681 4681 4681 4681 4681 4681 4681 4681 4681 4681 4681 4681
2775 3022 1102 4196 3922 3169 2182 860 286 746 4681 4681 4681 4681 4681 4681 4681 4681 4681 4681 4681 4681 4681 4681 4681 4681 4681 4681 4681 4681 4681 4681 4681 4681 4681 4681 4681
2285 4449 797 1791 1692 2782 2287 799 1111 3977 733 2182 860 1026 746 4681 4681 4681 4681 4681 4681 4681 4681 4681 4681 4681 4681 4681 4681 4681 4681 4681 4681 4681 4681 4681 4681
2627 1433 2393 3691 2382 2627 2418 3827 746 4681 4681 4681 4681 4681 4681 4681 4681 4681 4681 4681 4681 4681 4681 4681 4681 4681 4681 4681 4681 4681 4681 4681 4681 4681 4681 4681 4681
2285 2359 689 3022 2900 805 860 3242 746 4681 4681 4681 4681 4681 4681 4681 4681 4681 4681 4681 4681 4681 4681 4681 4681 4681 4681 4681 4681 4681 4681 4681 4681 4681 4681 4681 4681
2627 2941 698 2254 2627 455 4681 4681 4681 4681 4681 4681 4681 4681 4681 4681 4681 4681 4681 4681 4681 4681 4681 4681 4681 4681 4681 4681 4681 4681 4681 4681 4681 4681 4681 4681 4681
2627 514 603 4180 301 2648 301 1692 429 1692 2627 174 746 4681 4681 4681 4681 4681 4681 4681 4681 4681 4681 4681 4681 4681 4681 4681 4681 4681 4681 4681 4681 4681 4681 4681 4681
2627 82 2618 797 2182 860 4317 746 4681 4681 4681 4681 4681 4681 4681 4681 4681 4681 4681 4681 4681 4681 4681 4681 4681 4681 4681 4681 4681 4681 4681 4681 4681 4681 4681 4681 4681
2627 1433 603 1284 3681 805 860 3860 2187 2627 2413 4584 746 4681 4681 4681 4681 4681 4681 4681 4681 4681 4681 4681 4681 4681 4681 4681 4681 4681 4681 4681 4681 4681 4681 4681 4681
2627 1792 1692 1652 2587 4237 4382 1020 805 860 1213 3864 4681 4681 4681 4681 4681 4681 4681 4681 4681 4681 4681 4681 4681 4681 4681 4681 4681 4681 4681 4681 4681 4681 4681 4681 4681
2627 738 2254 2627 1389 3619 1692 2627 4257 746 4681 4681 4681 4681 4681 4681 4681 4681 4681 4681 4681 4681 4681 4681 4681 4681 4681 4681 4681 4681 4681 4681 4681 4681 4681 4681 4681
2627 698 2254 4055 1692 1453 2509 746 4681 4681 4681 4681 4681 4681 4681 4681 4681 4681 4681 4681 4681 4681 4681 4681 4681 4681 4681 4681 4681 4681 4681 4681 4681 4681 4681 4681 4681
2627 2391 2393 2182 2627 4426 3361 2627 431 1758 746 4681 4681 4681 4681 4681 4681 4681 4681 4681 4681 4681 4681 4681 4681 4681 4681 4681 4681 4681 4681 4681 4681 4681 4681 4681 4681
860 3062 797 4117 2290 860 3412 746 4681 4681 4681 4681 4681 4681 4681 4681 4681 4681 4681 4681 4681 4681 4681 4681 4681 4681 4681 4681 4681 4681 4681 4681 4681 4681 4681 4681 4681
1792 1692 1652 868 2187 2627 28 2827 2254 2627 1917 746 4681 4681 4681 4681 4681 4681 4681 4681 4681 4681 4681 4681 4681 4681 4681 4681 4681 4681 4681 4681 4681 4681 4681 4681 4681
2627 1836 2235 2254 2359 1575 805 860 1988 2187 860 78 746 4681 4681 4681 4681 4681 4681 4681 4681 4681 4681 4681 4681 4681 4681 4681 4681 4681 4681 4681 4681 4681 4681 4681 4681
2627 4584 112 3685 2627 1652 2122 1260 2254 2036 909 4681 4681 4681 4681 4681 4681 4681 4681 4681 4681 4681 4681 4681 4681 4681 4681 4681 4681 4681 4681 4681 4681 4681 4681 4681 4681
2627 2418 2899 1692 3437 2290 2285 979 3707 1164 746 4681 4681 4681 4681 4681 4681 4681 4681 4681 4681 4681 4681 4681 4681 4681 4681 4681 4681 4681 4681 4681 4681 4681 4681 4681 4681
2627 738 2254 3839 1621 4459 1692 4459 746 4681 4681 4681 4681 4681 4681 4681 4681 4681 4681 4681 4681 4681 4681 4681 4681 4681 4681 4681 4681 4681 4681 4681 4681 4681 4681 4681 4681
2096 91 805 2627 1885 746 4681 4681 4681 4681 4681 4681 4681 4681 4681 4681 4681 4681 4681 4681 4681 4681 4681 4681 4681 4681 4681 4681 4681 4681 4681 4681 4681 4681 4681 4681 4681
831 105 2182 1561 3907 986 746 4681 4681 4681 4681 4681 4681 4681 4681 4681 4681 4681 4681 4681 4681 4681 4681 4681 4681 4681 4681 4681 4681 4681 4681 4681 4681 4681 4681 4681 4681
1922 301 2627 4257 2002 1692 286 746 4681 4681 4681 4681 4681 4681 4681 4681 4681 4681 4681 4681 4681 4681 4681 4681 4681 4681 4681 4681 4681 4681 4681 4681 4681 4681 4681 4681 4681
2285 2587 797 2393 2182 860 4317 783 2627 1984 746 4681 4681 4681 4681 4681 4681 4681 4681 4681 4681 4681 4681 4681 4681 4681 4681 4681 4681 4681 4681 4681 4681 4681 4681 4681 4681
2627 514 2743 2662 2627 2331 3738 746 4681 4681 4681 4681 4681 4681 4681 4681 4681 4681 4681 4681 4681 4681 4681 4681 4681 4681 4681 4681 4681 4681 4681 4681 4681 4681 4681 4681 4681
2285 416 698 4266 2254 860 1907 1692 1652 2760 101 746 4681 4681 4681 4681 4681 4681 4681 4681 4681 4681 4681 4681 4681 4681 4681 4681 4681 4681 4681 4681 4681 4681 4681 4681 4681
860 1776 1847 2187 2627 2460 184 894 1730 3634 746 4681 4681 4681 4681 4681 4681 4681 4681 4681 4681 4681 4681 4681 4681 4681 4681 4681 4681 4681 4681 4681 4681 4681 4681 4681 4681
2627 4257 2182 440 2187 860 1095 3361 2627 4465 746 4681 4681 4681 4681 4681 4681 4681 4681 4681 4681 4681 4681 4681 4681 4681 4681 4681 4681 4681 4681 4681 4681 4681 4681 4681 4681
2522 4298 2182 860 344 2187 860 4317 746 4681 4681 4681 4681 4681 4681 4681 4681 4681 4681 4681 4681 4681 4681 4681 4681 4681 4681 4681 4681 4681 4681 4681 4681 4681 4681 4681 4681
2627 738 2254 2285 2205 2187 2627 3636 746 4681 4681 4681 4681 4681 4681 4681 4681 4681 4681 4681 4681 4681 4681 4681 4681 4681 4681 4681 4681 4681 4681 4681 4681 4681 4681 4681 4681
938 603 121 279 2627 2839 2254 4214 2932 746 4681 4681 4681 4681 4681 4681 4681 4681 4681 4681 4681 4681 4681 4681 4681 4681 4681 4681 4681 4681 4681 4681 4681 4681 4681 4681 4681
2285 3448 2618 1020 805 860 781 1315 3613 2382 1719 799 2434 4681 4681 4681 4681 4681 4681 4681 4681 4681 4681 4681 4681 4681 4681 4681 4681 4681 4681 4681 4681 4681 4681 4681 4681
1433 2459 2627 3827 1662 797 805 860 4317 2290 2627 3127 3035 746 4681 4681 4681 4681 4681 4681 4681 4681 4681 4681 4681 4681 4681 4681 4681 4681 4681 4681 4681 4681 4681 4681 4681
2627 1652 2587 2393 805 860 82 4581 746 4681 4681 4681 4681 4681 4681 4681 4681 4681 4681 4681 4681 4681 4681 4681 4681 4681 4681 4681 4681 4681 4681 4681 4681 4681 4681 4681 4681
860 4183 2187 860 440 2187 1674 529 2187 2627 2820 4681 4681 4681 4681 4681 4681 4681 4681 4681 4681 4681 4681 4681 4681 4681 4681 4681 4681 4681 4681 4681 4681 4681 4681 4681 4681
2627 2413 1071 2618 1020 2662 860 1258 746 4681 4681 4681 4681 4681 4681 4681 4681 4681 4681 4681 4681 4681 4681 4681 4681 4681 4681 4681 4681 4681 4681 4681 4681 4681 4681 4681 4681
2627 609 1561 57 1885 3658 2627 3738 2254 2627 4094 525 4681 4681 4681 4681 4681 4681 4681 4681 4681 4681 4681 4681 4681 4681 4681 4681 4681 4681 4681 4681 4681 4681 4681 4681 4681
2627 1164 2393 2837 2627 4527 746 4681 4681 4681 4681 4681 4681 4681 4681 4681 4681 4681 4681 4681 4681 4681 4681 4681 4681 4681 4681 4681 4681 4681 4681 4681 4681 4681 4681 4681 4681
2627 3830 2187 2997 4117 1847 92 2187 4646 3605 746 4681 4681 4681 4681 4681 4681 4681 4681 4681 4681 4681 4681 4681 4681 4681 4681 4681 4681 4681 4681 4681 4681 4681 4681 4681 4681
2627 738 2254 2627 3553 4257 301 82 4257 1692 1792 1692 1652 3539 746 4681 4681 4681 4681 4681 4681 4681 4681 4681 4681 4681 4681 4681 4681 4681 4681 4681 4681 4681 4681 4681 4681
265 4117 1692 2413 4426 3758 2837 3308 3902 746 4681 4681 4681 4681 4681 4681 4681 4681 4681 4681 4681 4681 4681 4681 4681 4681 4681 4681 4681 4681 4681 4681 4681 4681 4681 4681 4681
2627 1433 2182 2627 4426 29 2977 28 746 4681 4681 4681 4681 4681 4681 4681 4681 4681 4681 4681 4681 4681 4681 4681 4681 4681 4681 4681 4681 4681 4681 4681 4681 4681 4681 4681 4681
2627 514 2254 2522 4483 3151 2627 3719 2254 2627 3306 82 218 746 4681 4681 4681 4681 4681 4681 4681 4681 4681 4681 4681 4681 4681 4681 4681 4681 4681 4681 4681 4681 4681 4681 4681